link do towers: https://www.chiark.greenend.org.uk/~sgtatham/puzzles/js/towers.html
towers: 4:2/2/1/2/2/3/4/1/2/2/1/2/2/3/4/1
compilar: gcc -Wall -Werror -Wextra *.c -o rush-01
executar: ./rush-01 "2 2 1 2 2 3 4 1 2 2 1 2 2 3 4 1"

--------$
1 0 0 0 $
0 0 0 0 $
0 0 0 0 $
0 0 0 0 $
--------$
1 2 0 0 $
0 0 0 0 $
0 0 0 0 $
0 0 0 0 $
--------$
1 2 3 0 $
0 0 0 0 $
0 0 0 0 $
0 0 0 0 $
--------$
1 2 3 4 $
0 0 0 0 $
0 0 0 0 $
0 0 0 0 $
--------$
1 2 4 0 $
0 0 0 0 $
0 0 0 0 $
0 0 0 0 $
--------$
1 2 4 3 $
0 0 0 0 $
0 0 0 0 $
0 0 0 0 $
--------$
1 3 4 0 $
0 0 0 0 $
0 0 0 0 $
0 0 0 0 $
--------$
1 3 2 0 $
0 0 0 0 $
0 0 0 0 $
0 0 0 0 $
--------$
1 3 2 4 $
0 0 0 0 $
0 0 0 0 $
0 0 0 0 $
--------$
1 3 4 0 $
0 0 0 0 $
0 0 0 0 $
0 0 0 0 $
--------$
1 3 4 2 $
0 0 0 0 $
0 0 0 0 $
0 0 0 0 $
--------$
1 4 4 0 $
0 0 0 0 $
0 0 0 0 $
0 0 0 0 $
--------$
1 4 2 0 $
0 0 0 0 $
0 0 0 0 $
0 0 0 0 $
--------$
1 4 2 3 $
0 0 0 0 $
0 0 0 0 $
0 0 0 0 $
--------$
1 4 2 3 $
2 0 0 0 $
0 0 0 0 $
0 0 0 0 $
--------$
1 4 2 3 $
2 1 0 0 $
0 0 0 0 $
0 0 0 0 $
--------$
1 4 2 3 $
2 1 3 0 $
0 0 0 0 $
0 0 0 0 $
--------$
1 4 2 3 $
2 1 3 4 $
0 0 0 0 $
0 0 0 0 $
--------$
1 4 2 3 $
2 1 4 0 $
0 0 0 0 $
0 0 0 0 $
--------$
1 4 2 3 $
2 3 4 0 $
0 0 0 0 $
0 0 0 0 $
--------$
1 4 2 3 $
2 3 1 0 $
0 0 0 0 $
0 0 0 0 $
--------$
1 4 2 3 $
2 3 1 4 $
0 0 0 0 $
0 0 0 0 $
--------$
1 4 2 3 $
2 3 4 0 $
0 0 0 0 $
0 0 0 0 $
--------$
1 4 2 3 $
2 3 4 1 $
0 0 0 0 $
0 0 0 0 $
--------$
1 4 2 3 $
3 3 4 0 $
0 0 0 0 $
0 0 0 0 $
--------$
1 4 2 3 $
3 1 4 0 $
0 0 0 0 $
0 0 0 0 $
--------$
1 4 2 3 $
3 1 4 0 $
0 0 0 0 $
0 0 0 0 $
--------$
1 4 2 3 $
3 1 4 2 $
0 0 0 0 $
0 0 0 0 $
--------$
1 4 2 3 $
3 2 4 0 $
0 0 0 0 $
0 0 0 0 $
--------$
1 4 2 3 $
3 2 1 0 $
0 0 0 0 $
0 0 0 0 $
--------$
1 4 2 3 $
3 2 1 4 $
0 0 0 0 $
0 0 0 0 $
--------$
1 4 2 3 $
3 2 4 0 $
0 0 0 0 $
0 0 0 0 $
--------$
1 4 2 3 $
3 2 4 1 $
0 0 0 0 $
0 0 0 0 $
--------$
1 4 2 3 $
4 2 4 0 $
0 0 0 0 $
0 0 0 0 $
--------$
1 4 2 3 $
4 1 4 0 $
0 0 0 0 $
0 0 0 0 $
--------$
1 4 2 3 $
4 1 3 0 $
0 0 0 0 $
0 0 0 0 $
--------$
1 4 2 3 $
4 1 3 2 $
0 0 0 0 $
0 0 0 0 $
--------$
1 4 2 3 $
4 2 3 0 $
0 0 0 0 $
0 0 0 0 $
--------$
1 4 2 3 $
4 2 1 0 $
0 0 0 0 $
0 0 0 0 $
--------$
1 4 2 3 $
4 2 3 0 $
0 0 0 0 $
0 0 0 0 $
--------$
1 4 2 3 $
4 2 3 1 $
0 0 0 0 $
0 0 0 0 $
--------$
1 4 2 3 $
4 3 3 0 $
0 0 0 0 $
0 0 0 0 $
--------$
1 4 2 3 $
4 3 1 0 $
0 0 0 0 $
0 0 0 0 $
--------$
1 4 2 3 $
4 3 1 2 $
0 0 0 0 $
0 0 0 0 $
--------$
1 4 3 3 $
4 3 1 0 $
0 0 0 0 $
0 0 0 0 $
--------$
1 4 3 2 $
4 3 1 0 $
0 0 0 0 $
0 0 0 0 $
--------$
2 4 3 0 $
4 3 1 0 $
0 0 0 0 $
0 0 0 0 $
--------$
2 1 3 0 $
4 3 1 0 $
0 0 0 0 $
0 0 0 0 $
--------$
2 1 3 0 $
4 3 1 0 $
0 0 0 0 $
0 0 0 0 $
--------$
2 1 3 4 $
4 3 1 0 $
0 0 0 0 $
0 0 0 0 $
--------$
2 1 4 0 $
4 3 1 0 $
0 0 0 0 $
0 0 0 0 $
--------$
2 1 4 3 $
4 3 1 0 $
0 0 0 0 $
0 0 0 0 $
--------$
2 1 4 3 $
1 3 1 0 $
0 0 0 0 $
0 0 0 0 $
--------$
2 1 4 3 $
1 2 1 0 $
0 0 0 0 $
0 0 0 0 $
--------$
2 1 4 3 $
1 2 3 0 $
0 0 0 0 $
0 0 0 0 $
--------$
2 1 4 3 $
1 2 3 4 $
0 0 0 0 $
0 0 0 0 $
--------$
2 1 4 3 $
1 3 3 0 $
0 0 0 0 $
0 0 0 0 $
--------$
2 1 4 3 $
1 3 2 0 $
0 0 0 0 $
0 0 0 0 $
--------$
2 1 4 3 $
1 3 2 4 $
0 0 0 0 $
0 0 0 0 $
--------$
2 1 4 3 $
1 4 2 0 $
0 0 0 0 $
0 0 0 0 $
--------$
2 1 4 3 $
1 4 2 0 $
0 0 0 0 $
0 0 0 0 $
--------$
2 1 4 3 $
1 4 3 0 $
0 0 0 0 $
0 0 0 0 $
--------$
2 1 4 3 $
1 4 3 2 $
0 0 0 0 $
0 0 0 0 $
--------$
2 1 4 3 $
1 4 3 2 $
3 0 0 0 $
0 0 0 0 $
--------$
2 1 4 3 $
1 4 3 2 $
3 2 0 0 $
0 0 0 0 $
--------$
2 1 4 3 $
1 4 3 2 $
3 2 1 0 $
0 0 0 0 $
--------$
2 1 4 3 $
1 4 3 2 $
3 2 1 4 $
0 0 0 0 $
--------$
2 1 4 3 $
1 4 3 2 $
4 2 1 0 $
0 0 0 0 $
--------$
2 1 4 3 $
1 4 3 2 $
4 2 1 0 $
0 0 0 0 $
--------$
2 1 4 3 $
1 4 3 2 $
4 2 1 0 $
0 0 0 0 $
--------$
2 1 4 3 $
1 4 3 2 $
4 3 1 0 $
0 0 0 0 $
--------$
2 1 4 3 $
1 4 3 2 $
4 3 1 0 $
0 0 0 0 $
--------$
2 1 4 3 $
1 4 3 2 $
4 3 2 0 $
0 0 0 0 $
--------$
2 1 4 3 $
1 4 3 2 $
4 3 2 1 $
0 0 0 0 $
--------$
2 1 4 3 $
1 4 3 2 $
4 3 2 1 $
3 0 0 0 $
--------$
2 1 4 3 $
1 4 3 2 $
4 3 2 1 $
3 2 0 0 $
--------$
2 1 4 3 $
1 4 3 2 $
4 3 2 1 $
3 2 1 0 $
--------$
2 1 4 3 $
1 4 3 2 $
4 3 2 1 $
3 2 1 4 $
--------$
2 1 4 3 $
1 4 3 2 $
4 3 2 1 $
3 2 1 4 $
